   9.3101824e-01
   9.0243408e-01
   9.0205106e-01
   9.6760657e-01
   8.5332275e-01
   8.5079898e-01
   9.4404950e-01
   8.2113311e-01
   7.2219752e-01
   7.3937670e-01
   7.7599729e-01
   7.4373670e-01
   7.2215689e-01
   7.8104025e-01
   6.0483092e-01
   6.1631624e-01
   5.7510469e-01
   5.3849737e-01
   7.3034009e-01
   6.4497919e-01
   4.1459887e-01
   7.2396261e-01
   5.3998625e-01
   4.6270389e-01
   6.8864522e-01
   3.6657260e-01
   6.3627043e-01
   3.7819968e-01
   4.0322111e-01
   4.5513607e-01
   3.4857065e-01
   4.1167424e-01
   3.4064348e-01
   5.0804219e-01
   3.6101231e-01
   3.6699058e-01
   2.5781938e-01
   2.9842000e-01
   2.1183837e-01
