	SUB116449	SUB134237	SUB134238	SUB134239	SUB134240	SUB134241	SUB134242	SUB134243	SUB134244	SUB134247	SUB134248	SUB134249	SUB134251	SUB134252	SUB134254	SUB134255	SUB134256	SUB134257	SUB134258	SUB134259	SUB134260	SUB134261	SUB134262	SUB134264	SUB134266	SUB134267	SUB134269	SUB134270	SUB134272	SUB134273	SUB134274	SUB134275	SUB134276	SUB134278	SUB134279	SUB134280	SUB134281	SUB134282	SUB134283	SUB134285	SUB134286	SUB134287	SUB134288	SUB134289	SUB134290	SUB134292	SUB134293	SUB134294	SUB134295	SUB134296	SUB134297	SUB134298	SUB134299	SUB134300	SUB134301	SUB134302	SUB134304	SUB134307	SUB134308	SUB134309	SUB134310	SUB134312	SUB134315	SUB134317	SUB134318	SUB134319	SUB134320	SUB134321	SUB134322	SUB134323	SUB134325	SUB134326	SUB135092	SUB135093	SUB143422
B cells	0.1310	0.0685	0.0914	0.0991	0.2921	0.0265	0.1193	0.0513	0.0516	0.0689	0.0737	0.1252	0.0783	0.1365	0.0643	0.0371	0.0621	0.0400	0.0832	0.0504	0.0772	0.1328	0.0577	0.0821	0.0583	0.0780	0.1183	0.1940	0.0380	0.0805	0.0385	0.0137	0.0223	0.0432	0.1000	0.0752	0.0358	0.0769	0.3689	0.0618	0.0815	0.0357	0.0036	0.0212	0.1023	0.0730	0.0999	0.0649	0.0365	0.0425	0.0472	0.0301	0.0394	0.0876	0.0783	0.1521	0.1335	0.1426	0.1345	0.0564	0.0667	0.0666	0.0494	0.1289	0.0289	0.0607	0.0739	0.0865	0.0720	0.0615	0.0637	0.0755	0.0501	0.0906	NaN
CD16- monocytes	0.1339	0.0476	0.1771	0.0467	0.1618	0.0827	0.2998	0.0624	0.1567	0.0789	0.1095	0.0535	0.0755	0.1072	0.2169	0.3219	0.0857	0.1993	0.1643	0.0873	0.0766	0.1986	0.0887	0.1513	0.1490	0.0957	0.1246	0.1205	0.1979	0.1798	0.0832	0.1006	0.1581	0.0640	0.1088	0.0987	0.2228	0.1214	0.0018	0.1693	0.2605	0.2453	0.1304	0.1082	0.1486	0.0430	0.0426	0.2234	0.0335	0.1021	0.1100	0.0834	0.1513	0.1493	0.1960	0.2512	0.0914	0.1562	0.1018	0.0591	0.1242	0.0491	0.0882	0.1991	0.0790	0.0566	0.2417	0.0685	0.0906	0.0814	0.0437	0.0916	0.1596	0.2621	NaN
CD16+ monocytes	0.0032	0.0010	0.0061	0.0010	0.0045	0.0048	0.0086	0.0005	0.0061	0.0030	0.0059	0.0026	0.0015	0.0043	0.0075	0.0137	0.0039	0.0087	0.0068	0.0031	0.0013	0.0061	0.0022	0.0039	0.0038	0.0041	0.0028	0.0030	0.0073	0.0030	0.0004	0.0007	0.0044	0.0021	0.0041	0.0018	0.0027	0.0044	0.0001	0.0027	0.0086	0.0081	0.0033	0.0047	0.0027	0.0006	0.0010	0.0051	0.0006	0.0023	0.0019	0.0007	0.0027	0.0045	0.0060	0.0049	0.0024	0.0024	0.0006	0.0004	0.0057	0.0011	0.0014	0.0033	0.0017	0.0009	0.0098	0.0003	0.0020	0.0014	0.0006	0.0031	0.0043	0.0021	NaN
CD4+ T cells	0.3187	0.3085	0.3329	0.4573	0.1489	0.3622	0.1605	0.4220	0.2712	0.3432	0.3235	0.3322	0.4351	0.1854	0.1333	0.1401	0.2828	0.1703	0.3791	0.1924	0.3232	0.3347	0.3872	0.2515	0.2509	0.3615	0.3247	0.2557	0.1646	0.3128	0.4298	0.2341	0.2566	0.4182	0.2754	0.3264	0.2022	0.2143	0.1498	0.1951	0.1138	0.1787	0.2955	0.3370	0.3424	0.3671	0.2042	0.2068	0.1427	0.0927	0.2518	0.4694	0.2573	0.2748	0.1482	0.2677	0.2439	0.2702	0.1934	0.1907	0.4809	0.3419	0.3678	0.2231	0.3778	0.3357	0.1011	0.2828	0.3416	0.3066	0.3300	0.2863	0.1909	0.2488	NaN
CD8+ T cells	0.0491	0.1822	0.0613	0.1024	0.0421	0.1653	0.0476	0.0534	0.2111	0.0283	0.1400	0.2070	0.1593	0.1782	0.0097	0.1511	0.1363	0.1578	0.0415	0.2658	0.2407	0.0830	0.1268	0.1460	0.0905	0.1371	0.0671	0.0684	0.0937	0.0448	0.0553	0.1524	0.0803	0.0486	0.0402	0.0297	0.1299	0.0678	0.0115	0.1114	0.0683	0.0488	0.0381	0.1366	0.0455	0.0767	0.1868	0.1316	0.0237	0.0354	0.2092	0.0467	0.1797	0.0591	0.0572	0.0658	0.1691	0.1845	0.0055	0.0852	0.0378	0.1984	0.0606	0.0280	0.1107	0.1303	0.1151	0.0928	0.1719	0.1361	0.0428	0.0986	0.2592	0.1283	NaN
central memory CD4+ T cells	0.1609	0.1646	0.0693	0.2542	0.0400	0.1661	0.0605	0.2530	0.1893	0.1440	0.1401	0.1263	0.0997	0.0944	0.0404	0.0884	0.1061	0.0419	0.0634	0.0495	0.1134	0.2392	0.1373	0.1387	0.0865	0.2093	0.1099	0.0690	0.0690	0.1400	0.3129	0.0788	0.1120	0.3421	0.0403	0.0975	0.1164	0.0577	0.0424	0.0649	0.0307	0.0542	0.1614	0.2192	0.0882	0.2750	0.1307	0.1059	0.0754	0.0298	0.0945	0.3785	0.1878	0.1899	0.0457	0.1473	0.0960	0.1123	0.0865	0.1183	0.3479	0.1389	0.0991	0.0907	0.2514	0.1975	0.0220	0.0792	0.0416	0.0898	0.1368	0.1792	0.0603	0.0715	NaN
central memory CD8+ T cells	0.0075	0.0081	0.0150	0.0100	0.0078	0.0099	0.0064	0.0038	0.0017	0.0028	0.0162	0.0205	0.0215	0.0137	0.0001	0.0037	0.0424	0.0003	0.0088	0.0035	0.0094	0.0038	0.0075	0.0002	0.0161	0.0017	0.0100	0.0156	0.0022	0.0073	0.0040	0.0036	0.0001	0.0050	0.0012	0.0026	0.0005	0.0126	0.0028	0.0003	0.0062	0.0044	0.0045	0.0012	0.0024	0.0054	0.0085	0.0046	0.0002	0.0001	0.0007	0.0050	0.0019	0.0076	0.0001	0.0102	0.0217	0.0113	0.0000	0.0036	0.0037	0.0002	0.0075	0.0001	0.0118	0.0118	0.0034	0.0138	0.0075	0.0206	0.0070	0.0113	0.0481	0.0084	NaN
effector CD4+ T cells	0.0124	0.0026	0.0359	0.0022	0.0192	0.0082	0.0081	0.0044	0.0024	0.0136	0.0125	0.0056	0.0503	0.0044	0.0175	0.0033	0.0200	0.0162	0.0559	0.0257	0.0219	0.0023	0.0202	0.0063	0.0250	0.0062	0.0284	0.0344	0.0056	0.0038	0.0022	0.0137	0.0051	0.0043	0.0057	0.0291	0.0032	0.0261	0.0018	0.0126	0.0132	0.0141	0.0124	0.0044	0.0358	0.0033	0.0045	0.0074	0.0040	0.0063	0.0123	0.0038	0.0014	0.0008	0.0049	0.0054	0.0012	0.0076	0.0090	0.0007	0.0035	0.0178	0.0403	0.0167	0.0061	0.0064	0.0150	0.0249	0.0911	0.0245	0.0231	0.0052	0.0130	0.0181	NaN
effector CD8+ T cells	0.0074	0.0431	0.0085	0.0179	0.0072	0.0302	0.0101	0.0191	0.1592	0.0043	0.0368	0.0162	0.0201	0.0600	0.0028	0.0441	0.0134	0.0613	0.0087	0.1393	0.0273	0.0174	0.0244	0.0507	0.0165	0.0532	0.0106	0.0078	0.0113	0.0098	0.0070	0.0531	0.0278	0.0067	0.0090	0.0070	0.0404	0.0138	0.0010	0.0253	0.0301	0.0194	0.0125	0.0869	0.0211	0.0098	0.0474	0.0286	0.0031	0.0220	0.0324	0.0120	0.0279	0.0093	0.0105	0.0058	0.0333	0.0361	0.0015	0.0264	0.0049	0.1419	0.0219	0.0138	0.0236	0.0334	0.0689	0.0079	0.0419	0.0117	0.0067	0.0110	0.0550	0.0525	NaN
effector memory CD4+ T cells	0.0720	0.0361	0.0430	0.0349	0.0532	0.0248	0.0622	0.0368	0.0729	0.0407	0.0985	0.0375	0.1246	0.0552	0.0254	0.0410	0.1106	0.1010	0.0406	0.0755	0.1298	0.0701	0.1605	0.0868	0.0860	0.1308	0.0780	0.0759	0.0690	0.1636	0.0912	0.0331	0.1293	0.0338	0.2261	0.0607	0.0755	0.1003	0.1042	0.0905	0.0250	0.0797	0.0639	0.1012	0.0887	0.0479	0.0325	0.0560	0.0461	0.0439	0.1124	0.0336	0.0630	0.0801	0.0931	0.0428	0.1452	0.0526	0.0766	0.0690	0.0822	0.0931	0.1793	0.0715	0.0693	0.0512	0.0248	0.0474	0.0883	0.0722	0.1085	0.0509	0.0540	0.0788	NaN
effector memory CD8+ T cells	0.0186	0.0555	0.0221	0.0269	0.0214	0.0864	0.0146	0.0188	0.0481	0.0161	0.0672	0.0236	0.0397	0.0703	0.0067	0.1009	0.0366	0.0960	0.0181	0.1195	0.1980	0.0579	0.0914	0.0948	0.0498	0.0810	0.0249	0.0283	0.0788	0.0232	0.0380	0.0462	0.0522	0.0349	0.0277	0.0147	0.0886	0.0351	0.0066	0.0857	0.0218	0.0123	0.0170	0.0467	0.0060	0.0401	0.0900	0.0946	0.0204	0.0131	0.1757	0.0236	0.1484	0.0187	0.0466	0.0135	0.0385	0.0658	0.0040	0.0135	0.0230	0.0552	0.0217	0.0141	0.0587	0.0227	0.0241	0.0174	0.0178	0.0292	0.0207	0.0285	0.0942	0.0376	NaN
gamma-delta T cells	0.0141	0.0329	0.0127	0.0461	0.0019	0.0641	0.0037	0.0630	0.0043	0.0056	0.0089	0.0092	0.0076	0.0066	0.0013	0.0280	0.0242	0.0235	0.0022	0.0388	0.0050	0.0038	0.0068	0.0045	0.0034	0.0058	0.0019	0.0043	0.0186	0.0067	0.0520	0.1229	0.0051	0.0437	0.0036	0.0057	0.0147	0.0146	0.0024	0.0287	0.0037	0.0048	0.0115	0.0190	0.0080	0.0874	0.0703	0.0052	0.0041	0.0094	0.0077	0.1245	0.0060	0.0058	0.0042	0.0061	0.0079	0.0064	0.0059	0.0100	0.0022	0.0052	0.0030	0.0028	0.1245	0.1036	0.0089	0.0078	0.0048	0.0089	0.0088	0.0934	0.0180	0.0190	NaN
lymphocytes	0.8594	0.9505	0.8048	0.9488	0.8286	0.9120	0.6896	0.9370	0.8373	0.9143	0.8857	0.9408	0.9237	0.8867	0.7758	0.6578	0.9101	0.7909	0.8278	0.9071	0.9186	0.7959	0.9109	0.8421	0.8394	0.9000	0.8674	0.8750	0.7946	0.8140	0.9095	0.8909	0.8348	0.9277	0.8832	0.8933	0.7736	0.8703	0.9965	0.8281	0.7254	0.7415	0.8591	0.8855	0.8474	0.9562	0.9554	0.7684	0.9636	0.8874	0.8858	0.9103	0.8421	0.8371	0.7966	0.7421	0.9007	0.8385	0.8971	0.9368	0.8664	0.9481	0.9073	0.7966	0.9156	0.9388	0.7474	0.9274	0.9077	0.9151	0.9512	0.9016	0.8293	0.7361	NaN
memory B cells	0.0092	0.0049	0.0090	0.0019	0.0131	0.0023	0.0051	0.0018	0.0083	0.0073	0.0065	0.0157	0.0044	0.0158	0.0037	0.0164	0.0064	0.0033	0.0065	0.0032	0.0111	0.0139	0.0122	0.0070	0.0103	0.0042	0.0059	0.0045	0.0046	0.0093	0.0014	0.0017	0.0056	0.0015	0.0157	0.0076	0.0155	0.0033	0.0111	0.0128	0.0055	0.0029	0.0009	0.0028	0.0135	0.0064	0.0126	0.0016	0.0029	0.0030	0.0030	0.0016	0.0055	0.0096	0.0062	0.0155	0.0075	0.0227	0.0081	0.0067	0.0154	0.0190	0.0021	0.0027	0.0016	0.0021	0.0058	0.0177	0.0048	0.0095	0.0083	0.0082	0.0039	0.0059	NaN
monocytes	0.1369	0.0486	0.1840	0.0482	0.1665	0.0875	0.3091	0.0629	0.1628	0.0818	0.1151	0.0561	0.0771	0.1118	0.2244	0.3348	0.0899	0.2069	0.1711	0.0904	0.0779	0.2051	0.0907	0.1555	0.1528	0.0998	0.1273	0.1236	0.2047	0.1828	0.0836	0.1013	0.1622	0.0660	0.1129	0.1004	0.2252	0.1256	0.0020	0.1720	0.2683	0.2534	0.1334	0.1129	0.1515	0.0437	0.0436	0.2285	0.0341	0.1040	0.1117	0.0840	0.1541	0.1536	0.2015	0.2561	0.0939	0.1588	0.1023	0.0595	0.1299	0.0502	0.0897	0.2023	0.0808	0.0578	0.2515	0.0688	0.0926	0.0827	0.0442	0.0948	0.1639	0.2640	NaN
naive B cells	0.1188	0.0620	0.0788	0.0954	0.2703	0.0235	0.1051	0.0483	0.0412	0.0608	0.0659	0.1061	0.0723	0.1181	0.0600	0.0188	0.0539	0.0354	0.0721	0.0456	0.0641	0.1140	0.0450	0.0733	0.0454	0.0717	0.1115	0.1863	0.0323	0.0676	0.0360	0.0117	0.0156	0.0407	0.0825	0.0668	0.0185	0.0722	0.3503	0.0461	0.0730	0.0318	0.0026	0.0176	0.0865	0.0640	0.0849	0.0621	0.0326	0.0383	0.0429	0.0278	0.0324	0.0748	0.0692	0.1323	0.1226	0.1159	0.1231	0.0483	0.0496	0.0429	0.0465	0.1245	0.0266	0.0570	0.0661	0.0676	0.0654	0.0501	0.0547	0.0645	0.0439	0.0824	NaN
naive CD4+ T cells	0.0734	0.1052	0.1846	0.1659	0.0364	0.1631	0.0298	0.1280	0.0066	0.1449	0.0723	0.1634	0.1606	0.0314	0.0500	0.0074	0.0461	0.0112	0.2192	0.0416	0.0581	0.0231	0.0691	0.0197	0.0534	0.0152	0.1085	0.0764	0.0210	0.0055	0.0236	0.1086	0.0103	0.0380	0.0032	0.1391	0.0072	0.0302	0.0014	0.0271	0.0449	0.0308	0.0578	0.0122	0.1296	0.0409	0.0365	0.0376	0.0172	0.0127	0.0326	0.0535	0.0051	0.0040	0.0045	0.0722	0.0014	0.0978	0.0213	0.0028	0.0459	0.0921	0.0491	0.0443	0.0511	0.0805	0.0393	0.1312	0.1206	0.1201	0.0616	0.0510	0.0637	0.0808	NaN
naive CD8+ T cells	0.0156	0.0756	0.0157	0.0476	0.0056	0.0388	0.0164	0.0117	0.0021	0.0050	0.0198	0.1467	0.0779	0.0342	0.0001	0.0024	0.0438	0.0003	0.0060	0.0035	0.0061	0.0040	0.0034	0.0002	0.0082	0.0013	0.0217	0.0167	0.0014	0.0045	0.0063	0.0496	0.0001	0.0020	0.0022	0.0053	0.0004	0.0063	0.0012	0.0001	0.0103	0.0127	0.0041	0.0018	0.0160	0.0215	0.0409	0.0038	0.0001	0.0001	0.0004	0.0061	0.0014	0.0236	0.0000	0.0363	0.0757	0.0712	0.0000	0.0417	0.0060	0.0010	0.0094	0.0000	0.0165	0.0625	0.0188	0.0536	0.1046	0.0746	0.0084	0.0478	0.0618	0.0232	NaN
NK cells	0.0141	0.0868	0.0853	0.0266	0.0059	0.0340	0.0439	0.0324	0.0264	0.0083	0.0168	0.0381	0.0145	0.1050	0.1533	0.0621	0.0768	0.0856	0.1059	0.0121	0.0334	0.0741	0.0212	0.0217	0.0586	0.0561	0.0118	0.0632	0.0841	0.0151	0.0125	0.0017	0.0765	0.0972	0.0875	0.0318	0.0022	0.0564	0.0000	0.0059	0.0357	0.0539	0.0646	0.0359	0.0275	0.0155	0.0404	0.0235	0.0166	0.0078	0.0076	0.0388	0.0569	0.0364	0.0479	0.0357	0.0207	0.0333	0.0004	0.0027	0.0473	0.0082	0.0086	0.0182	0.0261	0.0137	0.0371	0.0052	0.0199	0.0226	0.0115	0.0453	0.0233	0.0321	NaN
NKT cells	0.0053	0.0262	0.0152	0.0090	0.0097	0.0523	0.0068	0.0183	0.1036	0.0072	0.0166	0.0348	0.0121	0.0478	0.0045	0.1174	0.0899	0.0961	0.0114	0.0147	0.0576	0.0090	0.0161	0.0375	0.0096	0.0237	0.0160	0.0104	0.0459	0.0112	0.0422	0.0476	0.0186	0.0150	0.1623	0.0066	0.0110	0.0213	0.0003	0.0208	0.0045	0.0139	0.0195	0.0104	0.0141	0.0210	0.0838	0.0414	0.0095	0.0163	0.1827	0.0335	0.0604	0.0037	0.0102	0.0122	0.0082	0.0386	0.0070	0.0057	0.0047	0.1097	0.0067	0.0154	0.0497	0.0400	0.0217	0.0057	0.0071	0.0169	0.0119	0.0234	0.0106	0.0401	NaN
plasmablasts	0.0004	0.0003	0.0012	0.0002	0.0001	0.0004	0.0010	0.0004	0.0002	0.0001	0.0002	0.0009	0.0002	0.0008	0.0003	0.0003	0.0003	0.0009	0.0002	0.0001	0.0002	0.0009	0.0005	0.0002	0.0002	0.0000	0.0000	0.0000	0.0001	0.0001	0.0001	0.0001	0.0001	0.0001	0.0001	0.0001	0.0002	0.0009	0.0001	0.0001	0.0008	0.0004	0.0003	0.0004	0.0001	0.0001	0.0002	0.0002	0.0003	0.0001	0.0000	0.0000	0.0003	0.0006	0.0002	0.0005	0.0005	0.0002	0.0001	0.0004	0.0008	0.0000	0.0001	0.0001	0.0001	0.0000	0.0004	0.0000	0.0004	0.0003	0.0000	0.0002	0.0001	0.0004	NaN
T cells	0.5521	0.6617	0.4893	0.6731	0.2783	0.7127	0.2801	0.6478	0.6364	0.5288	0.6514	0.6908	0.6960	0.4821	0.1825	0.4262	0.6402	0.4636	0.4880	0.7096	0.6923	0.4728	0.7178	0.4995	0.4047	0.6006	0.4506	0.4362	0.4489	0.4662	0.6029	0.7053	0.5134	0.5802	0.4042	0.4873	0.5187	0.4655	0.2140	0.5406	0.2565	0.2884	0.6281	0.6627	0.5222	0.6100	0.6209	0.4941	0.2681	0.3124	0.6654	0.6515	0.5502	0.4976	0.3570	0.4298	0.5736	0.5769	0.4042	0.5526	0.6031	0.7403	0.5399	0.4122	0.7021	0.7126	0.4200	0.6425	0.6718	0.6981	0.6524	0.5980	0.6524	0.5075	NaN
transitional B cells	0.0009	0.0003	0.0012	0.0004	0.0031	0.0002	0.0056	0.0005	0.0002	0.0004	0.0005	0.0025	0.0004	0.0017	0.0003	0.0000	0.0000	0.0007	0.0013	0.0004	0.0004	0.0023	0.0002	0.0007	0.0004	0.0000	0.0005	0.0007	0.0003	0.0000	0.0001	0.0000	0.0000	0.0005	0.0006	0.0000	0.0001	0.0002	0.0000	0.0001	0.0012	0.0000	0.0000	0.0000	0.0004	0.0003	0.0006	0.0004	0.0001	0.0003	0.0004	0.0000	0.0001	0.0003	0.0009	0.0024	0.0004	0.0030	0.0004	0.0001	0.0006	0.0001	0.0001	0.0003	0.0001	0.0002	0.0003	0.0002	0.0002	0.0001	0.0004	0.0006	0.0014	0.0008	NaN
Tregs	0.0098	0.0258	0.0143	0.0296	0.0040	0.0214	0.0056	0.0224	0.0096	0.0112	0.0107	0.0087	0.0073	0.0069	0.0085	0.0043	0.0086	0.0025	0.0115	0.0033	0.0116	0.0156	0.0114	0.0051	0.0083	0.0050	0.0046	0.0054	0.0084	0.0049	0.0182	0.0109	0.0085	0.0294	0.0024	0.0086	0.0061	0.0029	0.0034	0.0051	0.0037	0.0048	0.0090	0.0106	0.0099	0.0236	0.0116	0.0079	0.0035	0.0030	0.0080	0.0356	0.0079	0.0099	0.0062	0.0084	0.0041	0.0069	0.0051	0.0032	0.0152	0.0072	0.0079	0.0070	0.0178	0.0186	0.0031	0.0057	0.0051	0.0046	0.0080	0.0123	0.0070	0.0097	NaN
